0   8   6   14  16  0   0   0   0   0   0   0   0   0
8   0   9   0   0   15  0   0   0   0   0   0   0   0
6   9   0   0   0   15  13  0   0   0   0   0   0   0
14  0   0   0   10  0   16  9   0   0   0   0   0   0
16  0   0   10  0   0   0   4   0   0   0   0   0   0
0   15  15  0   0   0   7   0   16  6   0   0   0   0
0   0   13  16  0   7   0   6   0   18  13  11  0   0
0   0   0   9   4   0   6   0   0   0   0   9   18  0
0   0   0   0   0   16  0   0   0   10  0   0   0   14
0   0   0   0   0   6   18  0   10  0   7   0   0   0
0   0   0   0   0   0   13  0   0   7   0   12  0   12
0   0   0   0   0   0   11  9   0   0   12  0   7   8
0   0   0   0   0   0   0   18  0   0   0   7   0   10
0   0   0   0   0   0   0   0   14  0   12  8   10  0
